{
 "cells": [
  {
   "cell_type": "code",
   "execution_count": 1,
   "metadata": {},
   "outputs": [],
   "source": [
    "%matplotlib inline\n",
    "import matplotlib.pyplot as plt\n",
    "import pandas as pd\n",
    "\n"
   ]
  },
  {
   "cell_type": "code",
   "execution_count": 2,
   "metadata": {},
   "outputs": [
    {
     "data": {
      "text/html": [
       "<div>\n",
       "<style scoped>\n",
       "    .dataframe tbody tr th:only-of-type {\n",
       "        vertical-align: middle;\n",
       "    }\n",
       "\n",
       "    .dataframe tbody tr th {\n",
       "        vertical-align: top;\n",
       "    }\n",
       "\n",
       "    .dataframe thead th {\n",
       "        text-align: right;\n",
       "    }\n",
       "</style>\n",
       "<table border=\"1\" class=\"dataframe\">\n",
       "  <thead>\n",
       "    <tr style=\"text-align: right;\">\n",
       "      <th></th>\n",
       "      <th>age</th>\n",
       "      <th>sex</th>\n",
       "      <th>cp</th>\n",
       "      <th>trestbps</th>\n",
       "      <th>chol</th>\n",
       "      <th>fbs</th>\n",
       "      <th>restecg</th>\n",
       "      <th>thalach</th>\n",
       "      <th>exang</th>\n",
       "      <th>oldpeak</th>\n",
       "      <th>slope</th>\n",
       "      <th>ca</th>\n",
       "      <th>thal</th>\n",
       "      <th>target</th>\n",
       "    </tr>\n",
       "  </thead>\n",
       "  <tbody>\n",
       "    <tr>\n",
       "      <th>age</th>\n",
       "      <td>1.000000</td>\n",
       "      <td>-0.098447</td>\n",
       "      <td>-0.068653</td>\n",
       "      <td>0.279351</td>\n",
       "      <td>0.213678</td>\n",
       "      <td>0.121308</td>\n",
       "      <td>-0.116211</td>\n",
       "      <td>-0.398522</td>\n",
       "      <td>0.096801</td>\n",
       "      <td>0.210013</td>\n",
       "      <td>-0.168814</td>\n",
       "      <td>0.276326</td>\n",
       "      <td>0.068001</td>\n",
       "      <td>-0.225439</td>\n",
       "    </tr>\n",
       "    <tr>\n",
       "      <th>sex</th>\n",
       "      <td>-0.098447</td>\n",
       "      <td>1.000000</td>\n",
       "      <td>-0.049353</td>\n",
       "      <td>-0.056769</td>\n",
       "      <td>-0.197912</td>\n",
       "      <td>0.045032</td>\n",
       "      <td>-0.058196</td>\n",
       "      <td>-0.044020</td>\n",
       "      <td>0.141664</td>\n",
       "      <td>0.096093</td>\n",
       "      <td>-0.030711</td>\n",
       "      <td>0.118261</td>\n",
       "      <td>0.210041</td>\n",
       "      <td>-0.280937</td>\n",
       "    </tr>\n",
       "    <tr>\n",
       "      <th>cp</th>\n",
       "      <td>-0.068653</td>\n",
       "      <td>-0.049353</td>\n",
       "      <td>1.000000</td>\n",
       "      <td>0.047608</td>\n",
       "      <td>-0.076904</td>\n",
       "      <td>0.094444</td>\n",
       "      <td>0.044421</td>\n",
       "      <td>0.295762</td>\n",
       "      <td>-0.394280</td>\n",
       "      <td>-0.149230</td>\n",
       "      <td>0.119717</td>\n",
       "      <td>-0.181053</td>\n",
       "      <td>-0.161736</td>\n",
       "      <td>0.433798</td>\n",
       "    </tr>\n",
       "    <tr>\n",
       "      <th>trestbps</th>\n",
       "      <td>0.279351</td>\n",
       "      <td>-0.056769</td>\n",
       "      <td>0.047608</td>\n",
       "      <td>1.000000</td>\n",
       "      <td>0.123174</td>\n",
       "      <td>0.177531</td>\n",
       "      <td>-0.114103</td>\n",
       "      <td>-0.046698</td>\n",
       "      <td>0.067616</td>\n",
       "      <td>0.193216</td>\n",
       "      <td>-0.121475</td>\n",
       "      <td>0.101389</td>\n",
       "      <td>0.062210</td>\n",
       "      <td>-0.144931</td>\n",
       "    </tr>\n",
       "    <tr>\n",
       "      <th>chol</th>\n",
       "      <td>0.213678</td>\n",
       "      <td>-0.197912</td>\n",
       "      <td>-0.076904</td>\n",
       "      <td>0.123174</td>\n",
       "      <td>1.000000</td>\n",
       "      <td>0.013294</td>\n",
       "      <td>-0.151040</td>\n",
       "      <td>-0.009940</td>\n",
       "      <td>0.067023</td>\n",
       "      <td>0.053952</td>\n",
       "      <td>-0.004038</td>\n",
       "      <td>0.070511</td>\n",
       "      <td>0.098803</td>\n",
       "      <td>-0.085239</td>\n",
       "    </tr>\n",
       "    <tr>\n",
       "      <th>fbs</th>\n",
       "      <td>0.121308</td>\n",
       "      <td>0.045032</td>\n",
       "      <td>0.094444</td>\n",
       "      <td>0.177531</td>\n",
       "      <td>0.013294</td>\n",
       "      <td>1.000000</td>\n",
       "      <td>-0.084189</td>\n",
       "      <td>-0.008567</td>\n",
       "      <td>0.025665</td>\n",
       "      <td>0.005747</td>\n",
       "      <td>-0.059894</td>\n",
       "      <td>0.137979</td>\n",
       "      <td>-0.032019</td>\n",
       "      <td>-0.028046</td>\n",
       "    </tr>\n",
       "    <tr>\n",
       "      <th>restecg</th>\n",
       "      <td>-0.116211</td>\n",
       "      <td>-0.058196</td>\n",
       "      <td>0.044421</td>\n",
       "      <td>-0.114103</td>\n",
       "      <td>-0.151040</td>\n",
       "      <td>-0.084189</td>\n",
       "      <td>1.000000</td>\n",
       "      <td>0.044123</td>\n",
       "      <td>-0.070733</td>\n",
       "      <td>-0.058770</td>\n",
       "      <td>0.093045</td>\n",
       "      <td>-0.072042</td>\n",
       "      <td>-0.011981</td>\n",
       "      <td>0.137230</td>\n",
       "    </tr>\n",
       "    <tr>\n",
       "      <th>thalach</th>\n",
       "      <td>-0.398522</td>\n",
       "      <td>-0.044020</td>\n",
       "      <td>0.295762</td>\n",
       "      <td>-0.046698</td>\n",
       "      <td>-0.009940</td>\n",
       "      <td>-0.008567</td>\n",
       "      <td>0.044123</td>\n",
       "      <td>1.000000</td>\n",
       "      <td>-0.378812</td>\n",
       "      <td>-0.344187</td>\n",
       "      <td>0.386784</td>\n",
       "      <td>-0.213177</td>\n",
       "      <td>-0.096439</td>\n",
       "      <td>0.421741</td>\n",
       "    </tr>\n",
       "    <tr>\n",
       "      <th>exang</th>\n",
       "      <td>0.096801</td>\n",
       "      <td>0.141664</td>\n",
       "      <td>-0.394280</td>\n",
       "      <td>0.067616</td>\n",
       "      <td>0.067023</td>\n",
       "      <td>0.025665</td>\n",
       "      <td>-0.070733</td>\n",
       "      <td>-0.378812</td>\n",
       "      <td>1.000000</td>\n",
       "      <td>0.288223</td>\n",
       "      <td>-0.257748</td>\n",
       "      <td>0.115739</td>\n",
       "      <td>0.206754</td>\n",
       "      <td>-0.436757</td>\n",
       "    </tr>\n",
       "    <tr>\n",
       "      <th>oldpeak</th>\n",
       "      <td>0.210013</td>\n",
       "      <td>0.096093</td>\n",
       "      <td>-0.149230</td>\n",
       "      <td>0.193216</td>\n",
       "      <td>0.053952</td>\n",
       "      <td>0.005747</td>\n",
       "      <td>-0.058770</td>\n",
       "      <td>-0.344187</td>\n",
       "      <td>0.288223</td>\n",
       "      <td>1.000000</td>\n",
       "      <td>-0.577537</td>\n",
       "      <td>0.222682</td>\n",
       "      <td>0.210244</td>\n",
       "      <td>-0.430696</td>\n",
       "    </tr>\n",
       "    <tr>\n",
       "      <th>slope</th>\n",
       "      <td>-0.168814</td>\n",
       "      <td>-0.030711</td>\n",
       "      <td>0.119717</td>\n",
       "      <td>-0.121475</td>\n",
       "      <td>-0.004038</td>\n",
       "      <td>-0.059894</td>\n",
       "      <td>0.093045</td>\n",
       "      <td>0.386784</td>\n",
       "      <td>-0.257748</td>\n",
       "      <td>-0.577537</td>\n",
       "      <td>1.000000</td>\n",
       "      <td>-0.080155</td>\n",
       "      <td>-0.104764</td>\n",
       "      <td>0.345877</td>\n",
       "    </tr>\n",
       "    <tr>\n",
       "      <th>ca</th>\n",
       "      <td>0.276326</td>\n",
       "      <td>0.118261</td>\n",
       "      <td>-0.181053</td>\n",
       "      <td>0.101389</td>\n",
       "      <td>0.070511</td>\n",
       "      <td>0.137979</td>\n",
       "      <td>-0.072042</td>\n",
       "      <td>-0.213177</td>\n",
       "      <td>0.115739</td>\n",
       "      <td>0.222682</td>\n",
       "      <td>-0.080155</td>\n",
       "      <td>1.000000</td>\n",
       "      <td>0.151832</td>\n",
       "      <td>-0.391724</td>\n",
       "    </tr>\n",
       "    <tr>\n",
       "      <th>thal</th>\n",
       "      <td>0.068001</td>\n",
       "      <td>0.210041</td>\n",
       "      <td>-0.161736</td>\n",
       "      <td>0.062210</td>\n",
       "      <td>0.098803</td>\n",
       "      <td>-0.032019</td>\n",
       "      <td>-0.011981</td>\n",
       "      <td>-0.096439</td>\n",
       "      <td>0.206754</td>\n",
       "      <td>0.210244</td>\n",
       "      <td>-0.104764</td>\n",
       "      <td>0.151832</td>\n",
       "      <td>1.000000</td>\n",
       "      <td>-0.344029</td>\n",
       "    </tr>\n",
       "    <tr>\n",
       "      <th>target</th>\n",
       "      <td>-0.225439</td>\n",
       "      <td>-0.280937</td>\n",
       "      <td>0.433798</td>\n",
       "      <td>-0.144931</td>\n",
       "      <td>-0.085239</td>\n",
       "      <td>-0.028046</td>\n",
       "      <td>0.137230</td>\n",
       "      <td>0.421741</td>\n",
       "      <td>-0.436757</td>\n",
       "      <td>-0.430696</td>\n",
       "      <td>0.345877</td>\n",
       "      <td>-0.391724</td>\n",
       "      <td>-0.344029</td>\n",
       "      <td>1.000000</td>\n",
       "    </tr>\n",
       "  </tbody>\n",
       "</table>\n",
       "</div>"
      ],
      "text/plain": [
       "               age       sex        cp  trestbps      chol       fbs  \\\n",
       "age       1.000000 -0.098447 -0.068653  0.279351  0.213678  0.121308   \n",
       "sex      -0.098447  1.000000 -0.049353 -0.056769 -0.197912  0.045032   \n",
       "cp       -0.068653 -0.049353  1.000000  0.047608 -0.076904  0.094444   \n",
       "trestbps  0.279351 -0.056769  0.047608  1.000000  0.123174  0.177531   \n",
       "chol      0.213678 -0.197912 -0.076904  0.123174  1.000000  0.013294   \n",
       "fbs       0.121308  0.045032  0.094444  0.177531  0.013294  1.000000   \n",
       "restecg  -0.116211 -0.058196  0.044421 -0.114103 -0.151040 -0.084189   \n",
       "thalach  -0.398522 -0.044020  0.295762 -0.046698 -0.009940 -0.008567   \n",
       "exang     0.096801  0.141664 -0.394280  0.067616  0.067023  0.025665   \n",
       "oldpeak   0.210013  0.096093 -0.149230  0.193216  0.053952  0.005747   \n",
       "slope    -0.168814 -0.030711  0.119717 -0.121475 -0.004038 -0.059894   \n",
       "ca        0.276326  0.118261 -0.181053  0.101389  0.070511  0.137979   \n",
       "thal      0.068001  0.210041 -0.161736  0.062210  0.098803 -0.032019   \n",
       "target   -0.225439 -0.280937  0.433798 -0.144931 -0.085239 -0.028046   \n",
       "\n",
       "           restecg   thalach     exang   oldpeak     slope        ca  \\\n",
       "age      -0.116211 -0.398522  0.096801  0.210013 -0.168814  0.276326   \n",
       "sex      -0.058196 -0.044020  0.141664  0.096093 -0.030711  0.118261   \n",
       "cp        0.044421  0.295762 -0.394280 -0.149230  0.119717 -0.181053   \n",
       "trestbps -0.114103 -0.046698  0.067616  0.193216 -0.121475  0.101389   \n",
       "chol     -0.151040 -0.009940  0.067023  0.053952 -0.004038  0.070511   \n",
       "fbs      -0.084189 -0.008567  0.025665  0.005747 -0.059894  0.137979   \n",
       "restecg   1.000000  0.044123 -0.070733 -0.058770  0.093045 -0.072042   \n",
       "thalach   0.044123  1.000000 -0.378812 -0.344187  0.386784 -0.213177   \n",
       "exang    -0.070733 -0.378812  1.000000  0.288223 -0.257748  0.115739   \n",
       "oldpeak  -0.058770 -0.344187  0.288223  1.000000 -0.577537  0.222682   \n",
       "slope     0.093045  0.386784 -0.257748 -0.577537  1.000000 -0.080155   \n",
       "ca       -0.072042 -0.213177  0.115739  0.222682 -0.080155  1.000000   \n",
       "thal     -0.011981 -0.096439  0.206754  0.210244 -0.104764  0.151832   \n",
       "target    0.137230  0.421741 -0.436757 -0.430696  0.345877 -0.391724   \n",
       "\n",
       "              thal    target  \n",
       "age       0.068001 -0.225439  \n",
       "sex       0.210041 -0.280937  \n",
       "cp       -0.161736  0.433798  \n",
       "trestbps  0.062210 -0.144931  \n",
       "chol      0.098803 -0.085239  \n",
       "fbs      -0.032019 -0.028046  \n",
       "restecg  -0.011981  0.137230  \n",
       "thalach  -0.096439  0.421741  \n",
       "exang     0.206754 -0.436757  \n",
       "oldpeak   0.210244 -0.430696  \n",
       "slope    -0.104764  0.345877  \n",
       "ca        0.151832 -0.391724  \n",
       "thal      1.000000 -0.344029  \n",
       "target   -0.344029  1.000000  "
      ]
     },
     "execution_count": 2,
     "metadata": {},
     "output_type": "execute_result"
    }
   ],
   "source": [
    "heart_disease = pd.read_csv('heart-disease.csv')\n",
    "heart_disease.corr()"
   ]
  },
  {
   "cell_type": "code",
   "execution_count": 4,
   "metadata": {},
   "outputs": [
    {
     "data": {
      "text/html": [
       "<div>\n",
       "<style scoped>\n",
       "    .dataframe tbody tr th:only-of-type {\n",
       "        vertical-align: middle;\n",
       "    }\n",
       "\n",
       "    .dataframe tbody tr th {\n",
       "        vertical-align: top;\n",
       "    }\n",
       "\n",
       "    .dataframe thead th {\n",
       "        text-align: right;\n",
       "    }\n",
       "</style>\n",
       "<table border=\"1\" class=\"dataframe\">\n",
       "  <thead>\n",
       "    <tr style=\"text-align: right;\">\n",
       "      <th></th>\n",
       "      <th>age</th>\n",
       "      <th>sex</th>\n",
       "      <th>cp</th>\n",
       "      <th>trestbps</th>\n",
       "      <th>chol</th>\n",
       "      <th>fbs</th>\n",
       "      <th>restecg</th>\n",
       "      <th>thalach</th>\n",
       "      <th>exang</th>\n",
       "      <th>oldpeak</th>\n",
       "      <th>slope</th>\n",
       "      <th>ca</th>\n",
       "      <th>thal</th>\n",
       "      <th>target</th>\n",
       "    </tr>\n",
       "  </thead>\n",
       "  <tbody>\n",
       "    <tr>\n",
       "      <th>age</th>\n",
       "      <td>1.000000</td>\n",
       "      <td>-0.133583</td>\n",
       "      <td>0.008420</td>\n",
       "      <td>0.127710</td>\n",
       "      <td>0.084153</td>\n",
       "      <td>-0.045450</td>\n",
       "      <td>-0.040443</td>\n",
       "      <td>-0.216317</td>\n",
       "      <td>-0.053743</td>\n",
       "      <td>0.075093</td>\n",
       "      <td>-0.084737</td>\n",
       "      <td>0.186036</td>\n",
       "      <td>-0.007886</td>\n",
       "      <td>-0.093215</td>\n",
       "    </tr>\n",
       "    <tr>\n",
       "      <th>sex</th>\n",
       "      <td>-0.133583</td>\n",
       "      <td>1.000000</td>\n",
       "      <td>-0.054336</td>\n",
       "      <td>-0.100805</td>\n",
       "      <td>-0.270769</td>\n",
       "      <td>0.050687</td>\n",
       "      <td>-0.060153</td>\n",
       "      <td>-0.078136</td>\n",
       "      <td>0.187189</td>\n",
       "      <td>0.107889</td>\n",
       "      <td>-0.090386</td>\n",
       "      <td>0.104284</td>\n",
       "      <td>0.201043</td>\n",
       "      <td>-0.269037</td>\n",
       "    </tr>\n",
       "    <tr>\n",
       "      <th>cp</th>\n",
       "      <td>0.008420</td>\n",
       "      <td>-0.054336</td>\n",
       "      <td>1.000000</td>\n",
       "      <td>0.075210</td>\n",
       "      <td>-0.033332</td>\n",
       "      <td>0.153275</td>\n",
       "      <td>-0.064740</td>\n",
       "      <td>0.273793</td>\n",
       "      <td>-0.427533</td>\n",
       "      <td>-0.179429</td>\n",
       "      <td>0.131244</td>\n",
       "      <td>-0.263057</td>\n",
       "      <td>-0.153308</td>\n",
       "      <td>0.464090</td>\n",
       "    </tr>\n",
       "    <tr>\n",
       "      <th>trestbps</th>\n",
       "      <td>0.127710</td>\n",
       "      <td>-0.100805</td>\n",
       "      <td>0.075210</td>\n",
       "      <td>1.000000</td>\n",
       "      <td>0.047469</td>\n",
       "      <td>0.174268</td>\n",
       "      <td>-0.089979</td>\n",
       "      <td>0.043005</td>\n",
       "      <td>-0.000872</td>\n",
       "      <td>0.144408</td>\n",
       "      <td>-0.096307</td>\n",
       "      <td>0.004727</td>\n",
       "      <td>0.051711</td>\n",
       "      <td>-0.114232</td>\n",
       "    </tr>\n",
       "    <tr>\n",
       "      <th>chol</th>\n",
       "      <td>0.084153</td>\n",
       "      <td>-0.270769</td>\n",
       "      <td>-0.033332</td>\n",
       "      <td>0.047469</td>\n",
       "      <td>1.000000</td>\n",
       "      <td>-0.054718</td>\n",
       "      <td>-0.136856</td>\n",
       "      <td>0.089841</td>\n",
       "      <td>0.019952</td>\n",
       "      <td>0.014080</td>\n",
       "      <td>0.023030</td>\n",
       "      <td>0.049612</td>\n",
       "      <td>0.094938</td>\n",
       "      <td>-0.036867</td>\n",
       "    </tr>\n",
       "    <tr>\n",
       "      <th>fbs</th>\n",
       "      <td>-0.045450</td>\n",
       "      <td>0.050687</td>\n",
       "      <td>0.153275</td>\n",
       "      <td>0.174268</td>\n",
       "      <td>-0.054718</td>\n",
       "      <td>1.000000</td>\n",
       "      <td>-0.071680</td>\n",
       "      <td>0.066605</td>\n",
       "      <td>-0.041345</td>\n",
       "      <td>-0.036838</td>\n",
       "      <td>-0.026272</td>\n",
       "      <td>0.064444</td>\n",
       "      <td>-0.122345</td>\n",
       "      <td>0.035454</td>\n",
       "    </tr>\n",
       "    <tr>\n",
       "      <th>restecg</th>\n",
       "      <td>-0.040443</td>\n",
       "      <td>-0.060153</td>\n",
       "      <td>-0.064740</td>\n",
       "      <td>-0.089979</td>\n",
       "      <td>-0.136856</td>\n",
       "      <td>-0.071680</td>\n",
       "      <td>1.000000</td>\n",
       "      <td>-0.037232</td>\n",
       "      <td>0.032363</td>\n",
       "      <td>-0.050885</td>\n",
       "      <td>0.104500</td>\n",
       "      <td>-0.041627</td>\n",
       "      <td>0.036833</td>\n",
       "      <td>0.079807</td>\n",
       "    </tr>\n",
       "    <tr>\n",
       "      <th>thalach</th>\n",
       "      <td>-0.216317</td>\n",
       "      <td>-0.078136</td>\n",
       "      <td>0.273793</td>\n",
       "      <td>0.043005</td>\n",
       "      <td>0.089841</td>\n",
       "      <td>0.066605</td>\n",
       "      <td>-0.037232</td>\n",
       "      <td>1.000000</td>\n",
       "      <td>-0.328606</td>\n",
       "      <td>-0.295314</td>\n",
       "      <td>0.375975</td>\n",
       "      <td>-0.148905</td>\n",
       "      <td>-0.033958</td>\n",
       "      <td>0.319457</td>\n",
       "    </tr>\n",
       "    <tr>\n",
       "      <th>exang</th>\n",
       "      <td>-0.053743</td>\n",
       "      <td>0.187189</td>\n",
       "      <td>-0.427533</td>\n",
       "      <td>-0.000872</td>\n",
       "      <td>0.019952</td>\n",
       "      <td>-0.041345</td>\n",
       "      <td>0.032363</td>\n",
       "      <td>-0.328606</td>\n",
       "      <td>1.000000</td>\n",
       "      <td>0.233980</td>\n",
       "      <td>-0.203741</td>\n",
       "      <td>0.074573</td>\n",
       "      <td>0.182101</td>\n",
       "      <td>-0.420059</td>\n",
       "    </tr>\n",
       "    <tr>\n",
       "      <th>oldpeak</th>\n",
       "      <td>0.075093</td>\n",
       "      <td>0.107889</td>\n",
       "      <td>-0.179429</td>\n",
       "      <td>0.144408</td>\n",
       "      <td>0.014080</td>\n",
       "      <td>-0.036838</td>\n",
       "      <td>-0.050885</td>\n",
       "      <td>-0.295314</td>\n",
       "      <td>0.233980</td>\n",
       "      <td>1.000000</td>\n",
       "      <td>-0.575503</td>\n",
       "      <td>0.267666</td>\n",
       "      <td>0.205256</td>\n",
       "      <td>-0.410962</td>\n",
       "    </tr>\n",
       "    <tr>\n",
       "      <th>slope</th>\n",
       "      <td>-0.084737</td>\n",
       "      <td>-0.090386</td>\n",
       "      <td>0.131244</td>\n",
       "      <td>-0.096307</td>\n",
       "      <td>0.023030</td>\n",
       "      <td>-0.026272</td>\n",
       "      <td>0.104500</td>\n",
       "      <td>0.375975</td>\n",
       "      <td>-0.203741</td>\n",
       "      <td>-0.575503</td>\n",
       "      <td>1.000000</td>\n",
       "      <td>-0.085783</td>\n",
       "      <td>-0.078519</td>\n",
       "      <td>0.331749</td>\n",
       "    </tr>\n",
       "    <tr>\n",
       "      <th>ca</th>\n",
       "      <td>0.186036</td>\n",
       "      <td>0.104284</td>\n",
       "      <td>-0.263057</td>\n",
       "      <td>0.004727</td>\n",
       "      <td>0.049612</td>\n",
       "      <td>0.064444</td>\n",
       "      <td>-0.041627</td>\n",
       "      <td>-0.148905</td>\n",
       "      <td>0.074573</td>\n",
       "      <td>0.267666</td>\n",
       "      <td>-0.085783</td>\n",
       "      <td>1.000000</td>\n",
       "      <td>0.137190</td>\n",
       "      <td>-0.408163</td>\n",
       "    </tr>\n",
       "    <tr>\n",
       "      <th>thal</th>\n",
       "      <td>-0.007886</td>\n",
       "      <td>0.201043</td>\n",
       "      <td>-0.153308</td>\n",
       "      <td>0.051711</td>\n",
       "      <td>0.094938</td>\n",
       "      <td>-0.122345</td>\n",
       "      <td>0.036833</td>\n",
       "      <td>-0.033958</td>\n",
       "      <td>0.182101</td>\n",
       "      <td>0.205256</td>\n",
       "      <td>-0.078519</td>\n",
       "      <td>0.137190</td>\n",
       "      <td>1.000000</td>\n",
       "      <td>-0.268744</td>\n",
       "    </tr>\n",
       "    <tr>\n",
       "      <th>target</th>\n",
       "      <td>-0.093215</td>\n",
       "      <td>-0.269037</td>\n",
       "      <td>0.464090</td>\n",
       "      <td>-0.114232</td>\n",
       "      <td>-0.036867</td>\n",
       "      <td>0.035454</td>\n",
       "      <td>0.079807</td>\n",
       "      <td>0.319457</td>\n",
       "      <td>-0.420059</td>\n",
       "      <td>-0.410962</td>\n",
       "      <td>0.331749</td>\n",
       "      <td>-0.408163</td>\n",
       "      <td>-0.268744</td>\n",
       "      <td>1.000000</td>\n",
       "    </tr>\n",
       "  </tbody>\n",
       "</table>\n",
       "</div>"
      ],
      "text/plain": [
       "               age       sex        cp  trestbps      chol       fbs  \\\n",
       "age       1.000000 -0.133583  0.008420  0.127710  0.084153 -0.045450   \n",
       "sex      -0.133583  1.000000 -0.054336 -0.100805 -0.270769  0.050687   \n",
       "cp        0.008420 -0.054336  1.000000  0.075210 -0.033332  0.153275   \n",
       "trestbps  0.127710 -0.100805  0.075210  1.000000  0.047469  0.174268   \n",
       "chol      0.084153 -0.270769 -0.033332  0.047469  1.000000 -0.054718   \n",
       "fbs      -0.045450  0.050687  0.153275  0.174268 -0.054718  1.000000   \n",
       "restecg  -0.040443 -0.060153 -0.064740 -0.089979 -0.136856 -0.071680   \n",
       "thalach  -0.216317 -0.078136  0.273793  0.043005  0.089841  0.066605   \n",
       "exang    -0.053743  0.187189 -0.427533 -0.000872  0.019952 -0.041345   \n",
       "oldpeak   0.075093  0.107889 -0.179429  0.144408  0.014080 -0.036838   \n",
       "slope    -0.084737 -0.090386  0.131244 -0.096307  0.023030 -0.026272   \n",
       "ca        0.186036  0.104284 -0.263057  0.004727  0.049612  0.064444   \n",
       "thal     -0.007886  0.201043 -0.153308  0.051711  0.094938 -0.122345   \n",
       "target   -0.093215 -0.269037  0.464090 -0.114232 -0.036867  0.035454   \n",
       "\n",
       "           restecg   thalach     exang   oldpeak     slope        ca  \\\n",
       "age      -0.040443 -0.216317 -0.053743  0.075093 -0.084737  0.186036   \n",
       "sex      -0.060153 -0.078136  0.187189  0.107889 -0.090386  0.104284   \n",
       "cp       -0.064740  0.273793 -0.427533 -0.179429  0.131244 -0.263057   \n",
       "trestbps -0.089979  0.043005 -0.000872  0.144408 -0.096307  0.004727   \n",
       "chol     -0.136856  0.089841  0.019952  0.014080  0.023030  0.049612   \n",
       "fbs      -0.071680  0.066605 -0.041345 -0.036838 -0.026272  0.064444   \n",
       "restecg   1.000000 -0.037232  0.032363 -0.050885  0.104500 -0.041627   \n",
       "thalach  -0.037232  1.000000 -0.328606 -0.295314  0.375975 -0.148905   \n",
       "exang     0.032363 -0.328606  1.000000  0.233980 -0.203741  0.074573   \n",
       "oldpeak  -0.050885 -0.295314  0.233980  1.000000 -0.575503  0.267666   \n",
       "slope     0.104500  0.375975 -0.203741 -0.575503  1.000000 -0.085783   \n",
       "ca       -0.041627 -0.148905  0.074573  0.267666 -0.085783  1.000000   \n",
       "thal      0.036833 -0.033958  0.182101  0.205256 -0.078519  0.137190   \n",
       "target    0.079807  0.319457 -0.420059 -0.410962  0.331749 -0.408163   \n",
       "\n",
       "              thal    target  \n",
       "age      -0.007886 -0.093215  \n",
       "sex       0.201043 -0.269037  \n",
       "cp       -0.153308  0.464090  \n",
       "trestbps  0.051711 -0.114232  \n",
       "chol      0.094938 -0.036867  \n",
       "fbs      -0.122345  0.035454  \n",
       "restecg   0.036833  0.079807  \n",
       "thalach  -0.033958  0.319457  \n",
       "exang     0.182101 -0.420059  \n",
       "oldpeak   0.205256 -0.410962  \n",
       "slope    -0.078519  0.331749  \n",
       "ca        0.137190 -0.408163  \n",
       "thal      1.000000 -0.268744  \n",
       "target   -0.268744  1.000000  "
      ]
     },
     "execution_count": 4,
     "metadata": {},
     "output_type": "execute_result"
    }
   ],
   "source": [
    "over_50 = heart_disease [heart_disease['age'] > 50]\n",
    "over_50.corr()"
   ]
  },
  {
   "cell_type": "code",
   "execution_count": 6,
   "metadata": {},
   "outputs": [
    {
     "data": {
